0 1 200
1 2 200
2 3 50
3 4 50
4 5 100
6 7 100
7 8 100
8 9 100
9 10 100
10 11 100
14 15 100
15 16 100
16 17 100
17 18 100
18 19 50
19 20 50
20 21 50
21 91 50
23 24 50
24 25 50
25 26 50
26 27 50
27 28 100
28 29 100
29 30 100
30 31 30
31 32 35
32 33 35
34 35 100
35 36 100
39 40 100
40 41 100
42 43 50
43 44 50
44 45 50
45 46 50
46 47 50
47 48 50
48 49 100
49 50 100
50 51 30
51 52 70
54 55 50
55 56 50
56 57 50
57 58 50
59 60 250
61 62 100
62 63 100
63 64 50
64 65 50
65 66 100
66 67 100
69 70 70
70 71 30
71 72 100
74 75 100
75 76 100
76 77 50
77 78 50
79 80 70
80 81 30
83 84 100
85 86 100
86 87 100
87 88 100
88 89 100
89 90 200
0 6 120
6 12 50
12 14 70
14 23 120
23 34 40
34 39 40
39 42 40
42 54 50
54 61 40
61 69 60
69 79 40
79 85 60
70 80 40
25 35 40
35 40 40
40 44 40
44 56 50
56 62 40
62 71 60
71 73 20
73 81 20
81 86 60
1 8 120
16 27 120
27 36 40
36 41 40
41 46 40
46 58 50
58 63 40
63 68 30
68 72 30
72 74 20
74 83 60
83 87 20
47 53 20
53 59 30
59 64 40
9 13 60
13 17 60
28 37 60
37 48 60
65 75 80
75 84 60
84 88 20
2 10 120
10 18 120
18 29 120
29 38 60
38 49 60
49 60 50
60 66 40
66 76 80
76 82 40
82 89 40
4 11 120
11 20 120
20 22 60
22 30 60
50 67 90
67 78 80
31 51 120
5 91 240
91 33 120
33 52 120
52 90 250